2.359737283492057713e+02
2.396530736830371779e+02
2.326676892269107100e+02
2.580962692195198542e+02
2.623481094128786708e+02
2.425341920392891666e+02
2.746404147626932399e+02
2.527314619169082448e+02
2.676260626180157942e+02
2.569643545382721186e+02
2.573983296549906754e+02
2.516405196081337294e+02
2.507089743563362845e+02
2.592931070563381581e+02
2.510066029654041984e+02
2.656835059173960758e+02
2.725848904226461400e+02
2.898760771429850251e+02
2.703084444914623532e+02
2.290746141464731522e+02
2.423601135832803095e+02
2.611702386885126543e+02
2.353693893828618400e+02
2.496658223162746708e+02
2.347495522422436522e+02
2.493491574123167993e+02
2.506268959427602852e+02
2.675162082592548245e+02
2.419570969136811698e+02
2.293372546756955899e+02
2.323282950244790186e+02
2.483013020495720298e+02
2.590553279647548379e+02
2.401162112003522111e+02
2.243861212376829428e+02
2.601085045819143033e+02
2.606937728279535236e+02
2.530547506667847131e+02
2.329916996628305128e+02
2.408562141997765309e+02
2.483717057314679550e+02
2.461757278830323799e+02
2.581083142794410605e+02
2.549338744675362705e+02
2.353554131128502149e+02
2.458388124306156044e+02
2.537802475259178436e+02
2.622955501961276354e+02
2.429542984473157787e+02
2.494256185566977706e+02
2.396661876012170751e+02
2.554272975463763942e+02
2.371786557708563805e+02
2.298821967045054748e+02
2.752354134859992882e+02
2.329776862239125421e+02
2.471063880454445894e+02
2.533963405995537244e+02
2.612908189685801972e+02
2.705422729097296042e+02
2.369482473130908033e+02
2.472477069446961195e+02
2.566081099208589649e+02
2.327008110069704401e+02
2.506900817153610035e+02
2.534043634766669015e+02
2.703379634193369156e+02
2.277814243434582693e+02
2.447712141464914737e+02
2.589209728701274571e+02
2.433821900494208990e+02
2.568606827786417739e+02
2.334233996577882237e+02
2.426527054995448509e+02
2.702004064951080977e+02
2.324039630100400018e+02
2.514943745437899736e+02
2.801840445598031692e+02
2.654726416865553347e+02
2.397456310001493875e+02
2.571862940744176171e+02
2.553684510315928549e+02
2.638480417593265770e+02
2.282970454613250979e+02
2.561474871768115236e+02
2.415370047048621700e+02
2.666336854109962360e+02
2.777938151774897051e+02
2.395062287710946691e+02
2.683565379978370515e+02
2.517927557737101836e+02
2.690507643990548559e+02
2.423853042777616338e+02
2.564125775696392679e+02
2.644396882959322852e+02
2.509843599367728189e+02
2.546249425380143805e+02
2.328234356074584070e+02
2.317487480949972110e+02
2.462598409742869592e+02
