-3.00000 -26.00000
-2.90000 -23.48900
-2.80000 -21.15200
-2.70000 -18.98300
-2.60000 -16.97600
-2.50000 -15.12500
-2.40000 -13.42400
-2.30000 -11.86700
-2.20000 -10.44800
-2.10000 -9.16100
-2.00000 -8.00000
-1.90000 -6.95900
-1.80000 -6.03200
-1.70000 -5.21300
-1.60000 -4.49600
-1.50000 -3.87500
-1.40000 -3.34400
-1.30000 -2.89700
-1.20000 -2.52800
-1.10000 -2.23100
-1.00000 -2.00000
-0.90000 -1.82900
-0.80000 -1.71200
-0.70000 -1.64300
-0.60000 -1.61600
-0.50000 -1.62500
-0.40000 -1.66400
-0.30000 -1.72700
-0.20000 -1.80800
-0.10000 -1.90100
0.00000 -2.00000
0.10000 -2.09900
0.20000 -2.19200
0.30000 -2.27300
0.40000 -2.33600
0.50000 -2.37500
0.60000 -2.38400
0.70000 -2.35700
0.80000 -2.28800
0.90000 -2.17100
1.00000 -2.00000
1.10000 -1.76900
1.20000 -1.47200
1.30000 -1.10300
1.40000 -0.65600
1.50000 -0.12500
1.60000 0.49600
1.70000 1.21300
1.80000 2.03200
1.90000 2.95900
2.00000 4.00000
2.10000 5.16100
2.20000 6.44800
2.30000 7.86700
2.40000 9.42400
2.50000 11.12500
2.60000 12.97600
2.70000 14.98300
2.80000 17.15200
2.90000 19.48900
3.00000 22.00000
