2.394579204221766133e+02
2.586030578603567847e+02
2.533267321462739403e+02
2.577613955875407328e+02
2.569925322400607683e+02
2.786997074447477303e+02
2.669023175834765880e+02
2.491414146239092133e+02
2.404963813447647567e+02
2.398380156492709432e+02
2.794978758286047764e+02
2.522071928701479919e+02
2.598657361529714080e+02
2.621809257072904416e+02
2.426261915915266059e+02
2.495703758199755953e+02
2.227579552907248228e+02
2.652101820785115365e+02
2.597269289526434477e+02
2.427067837270598147e+02
2.518510534895840465e+02
2.517335979463555304e+02
2.384075006595721504e+02
2.214374043983005436e+02
2.403272268903090776e+02
2.729035010800141663e+02
2.322004053961501029e+02
2.302269796377495084e+02
2.676270993045096134e+02
2.715366798639450394e+02
2.355868357593496398e+02
2.578315317117263135e+02
2.229663473419961690e+02
2.517408036754691523e+02
2.473386111995828855e+02
2.635416654511701040e+02
2.687680294649625239e+02
2.334197778591096721e+02
2.624223498508766852e+02
2.533469309259205033e+02
2.535438438110097934e+02
2.508588930829214689e+02
2.590153645690429016e+02
2.418435592505339571e+02
2.311929041293012688e+02
2.551209606596419235e+02
2.714372891000374466e+02
2.834607363082753295e+02
2.938491559387513803e+02
2.319838807153508355e+02
2.527869991741593196e+02
2.460092409577092667e+02
2.564411337251647751e+02
2.559000528223666606e+02
2.573995268341591327e+02
2.638206009248140731e+02
2.639240405718887814e+02
2.307843002311331588e+02
2.362684517876361383e+02
2.599398851465293774e+02
2.376654428153801462e+02
2.583334723617118698e+02
2.588339099800709846e+02
2.495245080133773001e+02
2.610778040851107562e+02
2.750194823360474743e+02
2.610654183873804755e+02
2.485495773487627957e+02
2.676665835281007730e+02
2.279952778859140494e+02
2.703095479923800895e+02
2.299874508498674857e+02
2.602207650700832460e+02
2.398467372500364263e+02
2.431155038349260451e+02
2.573697567188610265e+02
2.386700942720569856e+02
2.728892893097409456e+02
2.426168349392050061e+02
2.396942026907234151e+02
2.412551680512605117e+02
2.656375505234269099e+02
2.671986485643066658e+02
2.399800461763876172e+02
2.590209122603185392e+02
2.324003176332562077e+02
2.696706977930774087e+02
2.434550700827862499e+02
2.413669768698644305e+02
2.648327110483274396e+02
2.715462509738272843e+02
2.524175286556338449e+02
2.429634786240370090e+02
2.490553949769647488e+02
2.726729986157249641e+02
2.508574048764413646e+02
2.619309074135339301e+02
2.339086198168309636e+02
2.648112303074162242e+02
2.500285649164555366e+02
